11
9223372036854775808 -9223372036854775807 0
9223372036854775808 -9223372036854775807 9223372036854775808
9223372036854775808 9223372036854775808 9223372036854775807
-9223372036854775808 9223372036854775808 9223372036854775807
-9223372036854775808 9223372036854775808 0
-9223372036854775808 9223372036854775808 9223372036854775808
-9223372036854775808 -9223372036854775808 9223372036854775808
-9223372036854775808 -9223372036854775808 -9223372036854775808
9223372036854775807 -9223372036854775808 9223372036854775808
-9223372036854775808 9223372036854775807 9223372036854775808
-9223372036854775808 -9223372036854775808 9223372036854775808
